

TREE # 1
   1   9252.81294 x   0.09357  0.13254  0.07257  0.08073  1.11397  1.76997  1.60993  1.17488  0.40141  0.76808  0.15118  0.09894  0.45294  0.48298  0.13783  0.32902  0.24729  0.82317
   2   9208.89868 x   0.09532  0.13817  0.06471  0.09260  0.98319  1.31333  1.27449  0.98315  0.31645  0.65452  0.14407  0.10783  0.41928  0.44657  0.13296  0.31052  0.24307  1.80546
   3   9207.07847 x   0.09844  0.13991  0.06474  0.09402  0.95863  1.25121  1.23990  0.94862  0.30080  0.63768  0.14332  0.10872  0.41179  0.44012  0.13195  0.30746  0.24207  2.16963
   4   9206.99446 x   0.09743  0.13877  0.06257  0.09471  0.95533  1.24018  1.23312  0.93527  0.29603  0.63506  0.14218  0.10885  0.40859  0.43846  0.13154  0.30647  0.24148  2.25163
   5   9206.98994 x   0.09736  0.13841  0.06157  0.09510  0.95545  1.23828  1.23390  0.93073  0.29450  0.63508  0.14194  0.10879  0.40766  0.43822  0.13145  0.30639  0.24134  2.26917
   6   9206.98984 x   0.09739  0.13842  0.06150  0.09517  0.95541  1.23785  1.23378  0.93046  0.29436  0.63499  0.14196  0.10879  0.40760  0.43817  0.13145  0.30637  0.24133  2.27231
   7   9206.98983 x   0.09738  0.13841  0.06144  0.09520  0.95541  1.23778  1.23376  0.93037  0.29433  0.63498  0.14196  0.10878  0.40758  0.43817  0.13144  0.30636  0.24133  2.27284
   8   9206.98983 x   0.09738  0.13841  0.06142  0.09522  0.95542  1.23777  1.23376  0.93034  0.29432  0.63498  0.14196  0.10878  0.40758  0.43816  0.13144  0.30636  0.24133  2.27294
   9   9206.98983 x   0.09738  0.13841  0.06141  0.09523  0.95542  1.23776  1.23377  0.93033  0.29432  0.63498  0.14197  0.10878  0.40758  0.43816  0.13144  0.30636  0.24133  2.27296
  10   9206.98983 x   0.09738  0.13841  0.06140  0.09523  0.95541  1.23776  1.23377  0.93033  0.29432  0.63498  0.14197  0.10878  0.40758  0.43816  0.13144  0.30636  0.24133  2.27296
  11   9206.98983 x   0.09738  0.13841  0.06140  0.09524  0.95541  1.23776  1.23377  0.93033  0.29432  0.63498  0.14197  0.10878  0.40758  0.43816  0.13144  0.30636  0.24133  2.27296
